0 0.285
1 0
2 0.289
3 0.233
4 0.369
5 0.3
6 0.368
7 0
8 0.335
9 0.277
10 0.406
11 0
12 0
13 0.329
14 0.254
15 0.353
16 0.339
17 0.347
18 0
19 0.243
20 0.46
21 0.314
22 0.24
23 0.32
24 0.317
25 0.355
26 0.342
27 0
28 0.305
29 0.286
30 0.322
31 0.396
32 0.344
33 0.424
34 0.367
35 0.354
36 0.335
37 0.35
38 0.37
39 0.28
40 0.379
41 0.342
42 0
43 0.306
44 0.336
45 0.28
46 0.355
47 0.36
48 0.297
49 0.374
50 0
51 0.307
52 0
53 0.322
54 0.363
55 0.354
56 0
57 0.37
58 0
59 0.322
60 0.316
61 0.328
62 0.31
63 0.366
64 0.341
65 0.371
66 0.325
67 0.27
68 0.386
69 0.164
70 0.336
71 0.347
72 0.38
73 0.329
74 0
75 0.3
76 0.197
77 0.292
78 0.293
79 0.336
80 0.336
81 0.249
82 0.274
83 0.373
84 0
85 0.0
86 0.334
87 0.372
88 0.372
89 0.299
90 0.302
91 0.371
92 0.0
93 0.288
94 0.322
95 0.368
96 0.303
97 0.33
98 0.282
99 0.334
100 0.343
101 0.34
102 0.0
103 0.276
104 0.355
105 0.368
106 0.262
107 0.225
108 0.375
109 0.32
110 0.377
111 0.322
112 0.369
113 0.354
114 0.314
115 0.318
116 0.401
117 0.353
118 0.322
119 0.231
120 0
121 0
122 0.363
123 0.371
124 0.225
125 0.371
126 0.334
127 0.368
128 0.253
129 0.42
130 0.373
131 0.322
132 0.314
133 0.184
134 0.291
135 0.357
136 0
137 0.374
138 0.318
139 0.284
140 0.367
141 0.333
142 0.364
143 0.334
144 0.319
145 0.328
146 0.0
147 0.322
148 0.28
149 0.356
150 0
151 0.355
152 0.268
153 0.378
154 0
155 0.401
156 0.387
157 0.368
158 0.297
159 0.322
160 0
161 0
162 0.308
163 0.251
164 0.346
165 0.311
166 0.387
167 0.363
168 0.39
169 0.347
170 0.271
171 0.0
172 0
173 0.0
174 0.32
175 0
176 0.327
177 0.314
178 0
179 0.339
180 0.263
181 0.367
182 0.32
183 0.347
184 0
185 0
186 0.186
187 0.8
188 0.212
189 0.312
190 0.386
191 0.322
192 0.322
193 0.399
194 0.285
195 0.276
196 0.286
197 0.324
198 0.32
199 0.32
200 0.379
201 0.341
202 0.0
203 0
204 0.356
205 0
206 0.393
207 0
208 0.366
209 0.316
210 0.331
211 0.278
212 0.0
213 0.32
214 0.387
215 0
216 0
217 0
218 0.277
219 0.32
220 0.377
221 0
222 0.377
223 0
224 0
225 0.358
226 0.305
227 0.309
228 0
229 0.405
230 0.345
231 0.285
232 0
233 0.305
234 0
235 0.382
236 0.307
237 0.387
238 0
239 0
240 0.0
241 0.345
242 0.349
243 0.347
244 0.37
245 0.354
246 0.274
247 0.28
248 0.339
249 0.372
250 0.342
251 0
252 0
253 0.37
254 0.33
255 0.27
256 0.304
257 0.323
258 0.46
259 0.294
260 0.397
261 0.353
262 0.369
263 0.263
264 0.8
265 0
266 0.409
267 0.314
268 0.237
269 0.378
270 0.207
271 0.367
272 0.367
273 0
274 0.27
275 0.36
276 0.403
277 0.267
278 0.278
279 0.244
280 0
281 0.353
282 0.353
283 0
284 0.294
285 0.383
286 0.279
287 0
288 0
289 0
290 0
291 0.367
292 0.358
293 0.303
294 0.0
295 0.351
296 0.302
297 0.301
298 0.343
299 0.307
300 0.4
301 0.377
302 0.368
303 0.326
304 0.338
305 0.375
306 0.322
307 0.42
308 0.4
309 0
310 0.344
311 0.393
312 0.344
313 0.333
314 0
315 0.271
316 0.345
317 0.322
318 0
319 0.336
320 0.0
321 0
322 0.369
323 0.262
324 0.303
325 0.255
326 0
327 0
328 0.395
329 0.278
330 0.304
331 0.215
332 0.279
333 0
334 0.372
335 0.369
336 0
337 0.284
338 0.268
339 0.396
340 0.32
341 0.367
342 0.362
343 0.335
344 0.297
345 0.354
346 0.379
347 0.399
348 0
349 0.368
350 0.347
351 0.349
352 0
353 0.4
354 0.27
355 0.314
356 0.367
357 0.3
358 0.285
359 0.297
360 0.33
361 0.269
362 0.335
363 0.262
364 0.303
365 0.372
366 0.417
367 0.275
368 0.369
369 0.289
370 0.367
371 0.316
372 0.296
373 0.389
374 0
375 0.351
376 0.36
377 0.403
378 0.337
379 0.367
380 0.269
381 0
382 0.401
383 0.304
384 0.37
385 0.268
386 0.0
387 0
388 0
389 0
390 0.305
391 0.34
392 0
393 0.353
394 0.353
395 0
396 0.354
397 0.369
398 0.326
399 0
400 0.329
401 0
402 0.367
403 0.364
404 0
405 0.291
406 0
407 0.317
408 0.369
409 0
410 0.363
411 0.354
412 0
413 0.305
414 0
415 0.416
416 0.279
417 0.297
418 0.393
419 0.381
420 0
421 0.246
422 0.262
423 0.274
424 0.31
425 0.35
426 0
427 0.372
428 0
429 0
430 0.303
431 0.369
432 0.368
433 0.397
434 0.378
435 0.286
436 0.376
437 0.316
438 0.314
439 0.257
440 0.393
441 0.335
442 0.227
443 0
444 0.32
445 0.322
446 0
447 0.372
448 0.297
449 0.336
450 0.312
451 0.318
452 0.357
453 0.308
454 0.4
455 0.335
456 0.377
457 0
458 0.316
459 0.303
460 0.315
461 0
462 0
463 0.322
464 0.324
465 0.325
466 0
467 0.371
468 0.303
469 0.347
470 0
471 0.24
472 0
473 0.369
474 0.392
475 0.289
476 0.287
477 0
478 0
479 0.291
480 0.289
481 0.26
482 0
483 0.367
484 0.372
485 0.322
486 0.36
487 0
488 0.372
489 0
490 0.267
491 0.313
492 0.331
493 0.32
494 0.393
495 0
496 0
497 0
498 0.372
499 0
500 0.299
501 0.328
502 0.334
503 0
504 0.308
505 0
506 0.387
507 0.396
508 0.397
509 0
510 0
511 0.37
512 0.0
513 0.214
514 0.331
515 0.0
516 0
517 0
518 0.372
519 0
520 0.395
521 0.357
522 0.379
523 0.243
524 0.397
525 0
526 0
527 0.396
528 0
529 0.372
530 0.321
531 0
532 0.32
533 0
534 0.368
535 0
536 0
537 0
538 0.332
539 0.286
540 0
541 0.368
542 0.39
543 0
544 0.303
545 0.324
546 0.317
547 0
548 0.32
549 0
550 0.377
551 0
552 0.239
553 0.422
554 0.237
555 0.377
556 0.378
557 0.304
558 0.299
559 0.32
560 0.393
561 0.329
562 0.356
563 0.277
564 0.28
565 0
566 0.322
567 0.371
568 0
569 0.295
570 0.361
571 0.32
572 0
573 0
574 0.321
575 0.225
576 0.343
577 0.431
578 0
579 0
580 0.32
581 0
582 0
583 0.347
584 0.367
585 0
586 0.344
587 0.325
588 0.374
589 0
590 0.348
591 0.317
592 0.408
593 0
594 0.266
595 0.326
596 0.358
597 0.367
598 0.278
599 0.8
600 0.284
601 0.295
602 0.348
603 0.291
604 0
605 0.322
606 0.289
607 0
608 0
609 0.5
610 0.393
611 0.197
612 0.392
613 0.354
614 0
615 0.377
616 0.322
617 0.367
618 0.257
619 0.28
620 0.232
621 0.318
622 0
623 0.335
624 0.303
625 0.347
626 0.335
627 0.334
628 0.304
629 0
630 0.335
631 0.395
632 0.331
633 0.329
634 0.4
635 0.295
636 0
637 0.38
638 0.381
639 0.269
640 0.303
641 0.353
642 0
643 0
644 0.366
645 0.338
646 0.393
647 0.32
648 0.307
649 0.361
650 0.378
651 0
652 0.32
653 0.402
654 0.29
655 0
656 0.377
657 0.291
658 0.0
659 0.383
660 0.309
661 0
662 0.203
663 0.314
664 0.369
665 0.298
666 0.283
667 0
668 0.347
669 0.353
670 0.344
671 0.338
672 0.281
673 0
674 0.372
675 0.331
676 0
677 0.363
678 0.33
679 0.336
680 0.376
681 0.307
682 0.404
683 0.398
684 0.312
685 0
686 0.391
687 0
688 0.355
689 0.34
690 0.371
691 0.342
692 0.354
693 0.274
694 0.275
695 0.385
696 0.343
697 0.367
698 0
699 0.26
700 0
701 0.38
702 0.184
703 0.4
704 0.349
705 0
706 0.271
707 0.378
708 0
709 0
710 0.274
711 0.194
712 0.341
713 0
714 0.318
715 0.334
716 0.38
717 0
718 0.313
719 0.219
720 0.313
721 0.308
722 0
723 0.164
724 0.34
725 0
726 0.377
727 0.289
728 0.32
729 0.329
730 0.324
731 0.244
732 0.289
733 0.329
734 0.36
735 0.393
736 0
737 0.356
738 0.297
739 0.378
740 0.237
741 0.321
742 0.329
743 0
744 0
745 0.349
746 0.355
747 0.337
748 0.32
749 0.348
750 0.306
751 0.347
752 0
753 0.416
754 0.396
755 0.228
756 0.296
757 0.0
758 0.22
759 0.28
760 0
761 0.37
762 0.397
763 0.303
764 0.345
765 0.375
766 0.267
767 0.326
768 0.274
769 0.316
770 0.332
771 0.341
772 0.324
773 0.379
774 0.295
775 0.233
776 0.269
777 0.397
778 0.358
779 0.335
780 0
781 0
782 0
783 0.254
784 0.274
785 0.347
786 0.308
787 0.278
788 0.361
789 0.342
790 0.331
791 0.339
792 0
793 0.371
794 0
795 0.0
796 0.277
797 0.334
798 0.385
799 0.373
800 0.322
801 0.356
802 0
803 0.372
804 0.341
805 0.377
806 0.328
807 0.294
808 0.363
809 0.8
810 0
811 0
812 0
813 0.315
814 0.3
815 0
816 0.0
817 0
818 0.382
819 0.247
820 0
821 0.268
822 0.388
823 0.38
824 0.377
825 0
826 0.312
827 0.0
828 0.296
829 0.322
830 0.353
831 0.354
832 0.346
833 0.253
834 0
835 0.381
836 0
837 0
838 0.372
839 0.346
840 0
841 0.276
842 0.327
843 0.279
844 0.27
845 0.284
846 0.336
847 0.297
848 0.32
849 0
850 0.359
851 0
852 0
853 0.372
854 0.277
855 0.415
856 0
857 0.322
858 0.322
859 0.296
860 0.27
861 0.355
862 0.225
863 0.372
864 0.335
865 0.315
866 0.34
867 0.295
868 0.308
869 0.232
870 0
871 0.354
872 0.366
873 0.333
874 0.367
875 0.287
876 0
877 0.274
878 0.377
879 0.377
880 0
881 0.319
882 0.344
883 0.373
884 0.318
885 0.353
886 0.279
887 0.239
888 0.368
889 0.349
890 0.386
891 0.424
892 0.275
893 0
894 0.298
895 0.372
896 0.381
897 0.406
898 0.379
899 0
900 0.344
901 0.291
902 0.219
903 0.37
904 0.331
905 0.298
906 0.359
907 0.334
908 0.369
909 0.344
910 0.37
911 0
912 0.378
913 0.32
914 0
915 0.275
916 0
917 0.391
918 0.347
919 0.274
920 0
921 0.407
922 0
923 0.184
924 0
925 0.344
926 0
927 0.367
928 0.369
929 0.362
930 0.379
931 0
932 0.363
933 0.247
934 0.415
935 0.304
936 0.335
937 0
938 0.262
939 0
940 0.381
941 0
942 0.262
943 0.323
944 0
945 0.4
946 0.333
947 0.402
948 0.368
949 0.334
950 0.297
951 0.322
952 0.356
953 0
954 0
955 0.397
956 0.376
957 0.184
958 0.374
959 0.368
960 0.315
961 0.0
962 0
963 0.32
964 0.0
965 0.5
966 0
967 0.322
968 0
969 0.0
970 0.369
971 0.0
972 0.353
973 0.317
974 0.347
975 0.386
976 0.315
977 0.32
978 0.396
979 0.353
980 0
981 0.4
982 0.411
983 0.353
984 0.375
985 0.359
986 0.415
987 0.354
988 0.236
989 0.382
990 0.333
991 0.303
992 0
993 0.32
994 0.4
995 0.395
996 0
997 0
998 0.335
999 0.348
1000 0.264
1001 0.273
1002 0.334
1003 0.287
1004 0.314
1005 0.0
1006 0.374
1007 0.297
1008 0.258
1009 0.359
1010 0
1011 0
1012 0
1013 0.269
1014 0
1015 0.377
1016 0.229
1017 0.334
1018 0.375
1019 0.341
1020 0.308
1021 0.381
1022 0.374
1023 0.328
1024 0.393
1025 0.323
1026 0.377
1027 0.397
1028 0.291
1029 0.354
1030 0.362
1031 0.377
1032 0.379
1033 0.33
1034 0.0
1035 0.274
1036 0
1037 0.388
1038 0.368
1039 0.268
1040 0.289
1041 0.379
1042 0.326
1043 0.297
1044 0
1045 0.323
1046 0.37
1047 0.263
1048 0
1049 0.245
1050 0
1051 0.383
1052 0.379
1053 0.223
1054 0.357
1055 0.225
1056 0.43
1057 0.334
1058 0.378
1059 0
1060 0.356
1061 0.4
1062 0.307
1063 0.354
1064 0
1065 0
1066 0.388
1067 0.349
1068 0.375
1069 0
1070 0.354
1071 0
1072 0.368
1073 0.408
1074 0.28
1075 0.397
1076 0.295
1077 0.339
1078 0.228
1079 0.418
1080 0.295
1081 0
1082 0.242
1083 0.347
1084 0.257
1085 0.367
1086 0.375
1087 0.34
1088 0
1089 0.306
1090 0.303
1091 0.341
1092 0.261
1093 0.273
1094 0.243
1095 0
1096 0.241
1097 0.34
1098 0.298
1099 0.366
1100 0.273
1101 0.334
1102 0.321
1103 0.397
1104 0.322
1105 0
1106 0.397
1107 0.237
1108 0.348
1109 0
1110 0.312
1111 0.328
1112 0.297
1113 0.275
1114 0.353
1115 0.242
1116 0.295
1117 0.354
1118 0
1119 0.334
1120 0.253
1121 0.237
1122 0
1123 0
1124 0.353
1125 0
1126 0
1127 0.376
1128 0.341
1129 0.364
1130 0
1131 0.358
1132 0.299
1133 0.262
1134 0
1135 0.337
1136 0.8
1137 0.358
1138 0.31
1139 0.365
1140 0.32
1141 0.362
1142 0.38
1143 0.399
1144 0.427
1145 0.301
1146 0.0
1147 0.334
1148 0.0
1149 0.37
1150 0.32
1151 0.262
1152 0.237
1153 0.366
1154 0.361
1155 0.32
1156 0.393
1157 0.321
1158 0.405
1159 0.396
1160 0
1161 0.306
1162 0.326
1163 0.323
1164 0.303
1165 0.344
1166 0.412
1167 0
1168 0.369
1169 0.393
1170 0.353
1171 0.326
1172 0.322
1173 0.285
1174 0.333
1175 0.29
1176 0.303
1177 0.268
1178 0.254
1179 0.335
1180 0.331
1181 0.32
1182 0
1183 0
1184 0.322
1185 0.314
1186 0.362
1187 0
1188 0.29
1189 0.373
1190 0
1191 0.5
1192 0.369
1193 0.379
1194 0.374
1195 0.238
1196 0
1197 0.228
1198 0.379
1199 0.344
1200 0.32
1201 0
1202 0.322
1203 0.274
1204 0.321
1205 0.358
1206 0.369
1207 0.314
1208 0.319
1209 0.303
1210 0.323
1211 0.4
1212 0.331
1213 0.261
1214 0
1215 0.249
1216 0.315
1217 0.246
1218 0.314
1219 0.37
1220 0.268
1221 0.377
1222 0
1223 0.283
1224 0.322
1225 0.347
1226 0.322
1227 0.32
1228 0.0
1229 0.315
1230 0.336
1231 0
1232 0.293
1233 0.28
1234 0.284
1235 0.314
1236 0.38
1237 0.326
1238 0.331
1239 0.0
1240 0
1241 0.301
1242 0.293
1243 0.354
1244 0
1245 0.0
1246 0.417
1247 0.377
1248 0.407
1249 0.309
1250 0.333
1251 0
1252 0
1253 0.304
1254 0.386
1255 0.401
1256 0.342
1257 0.272
1258 0
1259 0.372
1260 0.295
1261 0.353
1262 0.401
1263 0.303
1264 0.303
1265 0.323
1266 0.182
1267 0
1268 0
1269 0
1270 0.377
1271 0.32
1272 0.294
1273 0
1274 0.254
1275 0.326
1276 0.282
1277 0.378
1278 0.367
1279 0.357
1280 0.385
1281 0.377
1282 0.347
1283 0.296
1284 0.369
1285 0.285
1286 0.354
1287 0.32
1288 0.346
1289 0.303
1290 0.263
1291 0.334
1292 0.353
1293 0.436
1294 0.247
1295 0
1296 0
1297 0.419
1298 0
1299 0.251
1300 0.322
1301 0.341
1302 0.342
1303 0.299
1304 0
1305 0.381
1306 0
1307 0.0
1308 0.336
1309 0.394
1310 0.308
1311 0.27
1312 0.274
1313 0.341
1314 0.354
1315 0.37
1316 0.229
1317 0.322
1318 0.274
1319 0.306
1320 0.322
1321 0.315
1322 0.339
1323 0.399
1324 0
1325 0
1326 0.322
1327 0.4
1328 0.373
1329 0.223
1330 0.314
1331 0.358
1332 0.303
1333 0
1334 0.293
1335 0
1336 0.0
1337 0.347
1338 0.32
1339 0.393
1340 0.378
1341 0.0
1342 0.272
1343 0.288
1344 0.249
1345 0.341
1346 0
1347 0.269
1348 0.282
1349 0.8
1350 0.0
1351 0.262
1352 0.303
1353 0.311
1354 0.34
1355 0.208
1356 0.322
1357 0.347
1358 0.297
1359 0.342
1360 0.314
1361 0.368
1362 0.328
1363 0.353
1364 0.334
1365 0.366
1366 0
1367 0.233
1368 0.403
1369 0.337
1370 0.323
1371 0.369
1372 0
1373 0.295
1374 0.359
1375 0
1376 0.311
1377 0.395
1378 0.381
1379 0.388
1380 0.32
1381 0.32
1382 0
1383 0.36
1384 0.263
1385 0.361
1386 0.348
1387 0.418
1388 0.292
1389 0
1390 0
1391 0.311
1392 0.301
1393 0.325
1394 0.268
1395 0
1396 0.39
1397 0
1398 0.334
1399 0.291
1400 0.303
1401 0.322
1402 0.225
1403 0.28
1404 0
1405 0
1406 0.354
1407 0.324
1408 0.349
1409 0.303
1410 0.383
1411 0.286
1412 0.303
1413 0.316
1414 0.27
1415 0
1416 0.338
1417 0.397
1418 0.285
1419 0.251
1420 0.393
1421 0.303
1422 0.333
1423 0.374
1424 0.349
1425 0.372
1426 0.38
1427 0.283
1428 0.268
1429 0.342
1430 0
1431 0
1432 0.314
1433 0.393
1434 0.317
1435 0.372
1436 0.33
1437 0.262
1438 0.368
1439 0
1440 0.308
